Spacetime Patch Limits:
---------------------
Eta:   (0, 1.570585966)
Theta: (0, 6.283185307)
Connections: 38479
